FIFO,30,293921,148525,148525
Optimal,30,250749,136373,136373
ARB,30,293905,153598,148528
LIFO,30,292831,146516,146516
NRA,30,293081,146789,146789
FIFO,60,286298,146617,146617
Optimal,60,224036,127824,127824
ARB,60,286308,151765,146616
LIFO,60,285813,142977,142977
NRA,60,285897,143202,143202
FIFO,90,278954,144667,144667
Optimal,90,204216,121027,121027
ARB,90,278895,149947,144696
LIFO,90,278185,139248,139248
NRA,90,278389,139486,139486
FIFO,120,271444,142633,142633
Optimal,120,188035,115072,115072
ARB,120,271415,148208,142736
LIFO,120,270655,135450,135450
NRA,120,270839,135681,135681
FIFO,150,263944,140630,140630
Optimal,150,174086,109575,109575
ARB,150,263730,146436,140786
LIFO,150,262998,131590,131590
NRA,150,263111,131794,131794
FIFO,30,108754,73898,73898
Optimal,30,52564,41194,41194
ARB,30,115031,86967,79464
LIFO,30,276729,141325,141325
NRA,30,250663,131075,131075
FIFO,60,35121,29711,29711
Optimal,60,16554,15094,15094
ARB,60,61921,58199,49906
LIFO,60,266633,136261,136261
NRA,60,241411,126097,126097
FIFO,90,9476,9323,9323
Optimal,90,8320,8213,8213
ARB,90,56932,54336,45985
LIFO,90,256644,131255,131255
NRA,90,230835,120670,120670
FIFO,120,8561,8440,8440
Optimal,120,7247,7126,7126
ARB,120,54102,52192,43760
LIFO,120,247550,126619,126619
NRA,120,221383,115719,115719
FIFO,150,8500,8349,8349
Optimal,150,6491,6341,6341
ARB,150,52848,51259,42744
LIFO,150,238664,122022,122022
NRA,150,214388,112220,112220
FIFO,30,238758,133532,133532
Optimal,30,140369,92621,92621
ARB,30,239328,139608,133972
LIFO,30,241436,120927,120927
NRA,30,240433,121480,121480
FIFO,60,182416,115430,115430
Optimal,60,83353,60203,60203
ARB,60,186638,126044,119404
LIFO,60,185390,93003,93003
NRA,60,183321,92917,92917
FIFO,90,132477,95177,95177
Optimal,90,48428,36092,36092
ARB,90,140444,106064,99613
LIFO,90,131512,66162,66162
NRA,90,130975,66700,66700
FIFO,120,89634,72448,72448
Optimal,120,25948,19190,19190
ARB,120,93345,73020,65398
LIFO,120,75993,38189,38189
NRA,120,76939,39426,39426
FIFO,150,55821,48795,48795
Optimal,150,12300,8799,8799
ARB,150,56778,47857,39300
LIFO,150,35440,17685,17685
NRA,150,35586,18184,18184
