FIFO,30,294106,148395,148395
Optimal,30,251106,136418,136418
ARB,30,294081,153447,148388
LIFO,30,292918,146321,146321
NRA,30,293090,146555,146555
FIFO,60,286575,146509,146509
Optimal,60,224122,127898,127898
ARB,60,286585,151720,146524
LIFO,60,285404,142589,142589
NRA,60,285554,142808,142808
FIFO,90,279286,144580,144580
Optimal,90,204263,121069,121069
ARB,90,279064,149912,144618
LIFO,90,277936,138837,138837
NRA,90,278144,139103,139103
FIFO,120,271601,142542,142542
Optimal,120,188145,115097,115097
ARB,120,271363,148049,142613
LIFO,120,270553,135141,135141
NRA,120,270700,135344,135344
FIFO,150,263737,140437,140437
Optimal,150,174181,109585,109585
ARB,150,263263,146149,140553
LIFO,150,262881,131253,131253
NRA,150,263124,131500,131500
FIFO,30,108361,72919,72919
Optimal,30,52652,41171,41171
ARB,30,114233,85705,78127
LIFO,30,277169,141359,141359
NRA,30,249032,130254,130254
FIFO,60,37149,31036,31036
Optimal,60,17093,15491,15491
ARB,60,65045,60157,52024
LIFO,60,266037,135780,135780
NRA,60,239262,125141,125141
FIFO,90,10294,10059,10059
Optimal,90,8083,7948,7948
ARB,90,59599,56314,48025
LIFO,90,257213,131291,131291
NRA,90,230914,120860,120860
FIFO,120,8245,8122,8122
Optimal,120,6942,6820,6820
ARB,120,58026,55063,46699
LIFO,120,249039,127067,127067
NRA,120,223033,116691,116691
FIFO,150,8067,7915,7915
Optimal,150,6374,6222,6222
ARB,150,54782,52505,44067
LIFO,150,239074,122014,122014
NRA,150,214408,112291,112291
FIFO,30,238977,133154,133154
Optimal,30,140483,92464,92464
ARB,30,239518,139484,133765
LIFO,30,249163,124579,124579
NRA,30,245833,123989,123989
FIFO,60,182667,115137,115137
Optimal,60,83467,60167,60167
ARB,60,187057,125910,119230
LIFO,60,191750,95921,95921
NRA,60,191801,97014,97014
FIFO,90,132941,95258,95258
Optimal,90,48619,36170,36170
ARB,90,141091,106392,99931
LIFO,90,133865,67144,67144
NRA,90,132571,67370,67370
FIFO,120,90113,72571,72571
Optimal,120,26094,19296,19296
ARB,120,96350,75523,67922
LIFO,120,87130,43740,43740
NRA,120,85700,43771,43771
FIFO,150,56091,48935,48935
Optimal,150,12402,8947,8947
ARB,150,52536,44863,36173
LIFO,150,39939,20120,20120
NRA,150,42045,21666,21666
