FIFO,30,294524,148706,148706
Optimal,30,251289,136541,136541
ARB,30,294529,153779,148702
LIFO,30,292549,146348,146348
NRA,30,292778,146575,146575
FIFO,60,287047,146765,146765
Optimal,60,224458,127996,127996
ARB,60,287130,151979,146805
LIFO,60,284883,142459,142459
NRA,60,285044,142686,142686
FIFO,90,279577,144854,144854
Optimal,90,204515,121136,121136
ARB,90,279494,150246,144932
LIFO,90,277447,138738,138738
NRA,90,277679,138982,138982
FIFO,120,272330,142962,142962
Optimal,120,188304,115168,115168
ARB,120,271990,148391,143042
LIFO,120,269712,134898,134898
NRA,120,269880,135117,135117
FIFO,150,264758,140874,140874
Optimal,150,174342,109672,109672
ARB,150,264673,146687,141093
LIFO,150,262244,131147,131147
NRA,150,262347,131366,131366
FIFO,30,101697,69380,69380
Optimal,30,48741,38379,38379
ARB,30,107910,82663,75003
LIFO,30,277400,141781,141781
NRA,30,248797,130141,130141
FIFO,60,30797,26289,26289
Optimal,60,14833,13618,13618
ARB,60,58881,55879,47529
LIFO,60,268830,137347,137347
NRA,60,240983,125968,125968
FIFO,90,9496,9310,9310
Optimal,90,7831,7702,7702
ARB,90,54937,52878,44497
LIFO,90,259470,132659,132659
NRA,90,232157,121447,121447
FIFO,120,8059,7937,7937
Optimal,120,6718,6597,6597
ARB,120,52799,51275,42765
LIFO,120,246550,126198,126198
NRA,120,219885,115231,115231
FIFO,150,7908,7756,7756
Optimal,150,6120,5970,5970
ARB,150,51899,50530,42016
LIFO,150,238614,122153,122153
NRA,150,212084,111177,111177
FIFO,30,238602,133044,133044
Optimal,30,140354,92239,92239
ARB,30,239170,139147,133462
LIFO,30,237687,118613,118613
NRA,30,240348,121028,121028
FIFO,60,182471,115144,115144
Optimal,60,83366,59979,59979
ARB,60,186799,125865,119203
LIFO,60,181455,90503,90503
NRA,60,181559,91674,91674
FIFO,90,132466,94844,94844
Optimal,90,48477,36028,36028
ARB,90,140856,106109,99618
LIFO,90,125709,62719,62719
NRA,90,124857,63119,63119
FIFO,120,89995,72436,72436
Optimal,120,26039,19288,19288
ARB,120,98096,76805,69276
LIFO,120,81935,40937,40937
NRA,120,79482,40375,40375
FIFO,150,56063,48951,48951
Optimal,150,12340,8809,8809
ARB,150,61603,51730,43221
LIFO,150,41462,20862,20862
NRA,150,42390,21775,21775
