FIFO,30,294533,148257,148257
Optimal,30,251575,136481,136481
ARB,30,294520,153304,148271
LIFO,30,292904,146164,146164
NRA,30,293010,146353,146353
FIFO,60,287174,146384,146384
Optimal,60,224796,128042,128042
ARB,60,287210,151568,146394
LIFO,60,285122,142143,142143
NRA,60,285419,142444,142444
FIFO,90,279563,144491,144491
Optimal,90,204848,121075,121075
ARB,90,279511,149829,144553
LIFO,90,277612,138308,138308
NRA,90,277748,138529,138529
FIFO,120,271810,142536,142536
Optimal,120,188504,115104,115104
ARB,120,271703,148112,142650
LIFO,120,270460,134672,134672
NRA,120,270612,134886,134886
FIFO,150,264231,140475,140475
Optimal,150,174450,109570,109570
ARB,150,263911,146209,140684
LIFO,150,262756,130848,130848
NRA,150,262954,131107,131107
FIFO,30,114568,76312,76312
Optimal,30,56048,43534,43534
ARB,30,121797,90203,82786
LIFO,30,286086,145573,145573
NRA,30,259450,134840,134840
FIFO,60,40521,34340,34340
Optimal,60,18418,16742,16742
ARB,60,66374,61165,53039
LIFO,60,282504,143830,143830
NRA,60,256148,133152,133152
FIFO,90,10510,10284,10284
Optimal,90,8747,8616,8616
ARB,90,60731,57148,48938
LIFO,90,275000,140053,140053
NRA,90,250257,130236,130236
FIFO,120,8830,8709,8709
Optimal,120,7492,7367,7367
ARB,120,57128,54208,45864
LIFO,120,259534,132259,132259
NRA,120,234724,122451,122451
FIFO,150,8690,8539,8539
Optimal,150,6710,6555,6555
ARB,150,54977,52452,44050
LIFO,150,247485,126083,126083
NRA,150,222929,116007,116007
FIFO,30,238415,133412,133412
Optimal,30,140200,92489,92489
ARB,30,238864,139549,133866
LIFO,30,240564,120700,120700
NRA,30,239561,121369,121369
FIFO,60,182345,115462,115462
Optimal,60,83247,60015,60015
ARB,60,186812,126207,119517
LIFO,60,178288,89871,89871
NRA,60,178697,91149,91149
FIFO,90,132316,95183,95183
Optimal,90,48417,36092,36092
ARB,90,140640,106099,99642
LIFO,90,118373,59805,59805
NRA,90,118222,60573,60573
FIFO,120,90100,72712,72712
Optimal,120,25949,19276,19276
ARB,120,95293,74654,67012
LIFO,120,65858,33410,33410
NRA,120,68415,35289,35289
FIFO,150,55941,49002,49002
Optimal,150,12307,8943,8943
ARB,150,57609,48784,40191
LIFO,150,34198,17178,17178
NRA,150,33246,16969,16969
