FIFO,30,294218,148167,148167
Optimal,30,251378,136326,136326
ARB,30,294157,153131,148154
LIFO,30,292716,145952,145952
NRA,30,292856,146134,146134
FIFO,60,286806,146326,146326
Optimal,60,225082,127897,127897
ARB,60,286886,151528,146336
LIFO,60,285015,142079,142079
NRA,60,285253,142324,142324
FIFO,90,279944,144530,144530
Optimal,90,205163,121019,121019
ARB,90,279799,149760,144535
LIFO,90,277395,138194,138194
NRA,90,277556,138402,138402
FIFO,120,272717,142669,142669
Optimal,120,188741,114984,114984
ARB,120,272294,148135,142670
LIFO,120,269596,134242,134242
NRA,120,269788,134446,134446
FIFO,150,265151,140639,140639
Optimal,150,174693,109473,109473
ARB,150,264736,146306,140756
LIFO,150,261937,130366,130366
NRA,150,262130,130634,130634
FIFO,30,110873,73727,73727
Optimal,30,54397,42244,42244
ARB,30,117984,87718,80238
LIFO,30,284347,144936,144936
NRA,30,257794,134801,134801
FIFO,60,37793,31696,31696
Optimal,60,17448,15819,15819
ARB,60,63867,59358,51175
LIFO,60,279409,142401,142401
NRA,60,252078,131744,131744
FIFO,90,10383,10167,10167
Optimal,90,8347,8216,8216
ARB,90,58679,55537,47252
LIFO,90,273228,139312,139312
NRA,90,246169,128644,128644
FIFO,120,8370,8250,8250
Optimal,120,7196,7076,7076
ARB,120,56765,54090,45724
LIFO,120,264700,134999,134999
NRA,120,237683,124324,124324
FIFO,150,8222,8071,8071
Optimal,150,6524,6374,6374
ARB,150,54834,52604,44175
LIFO,150,255251,130233,130233
NRA,150,228835,119616,119616
FIFO,30,238450,133630,133630
Optimal,30,140302,92713,92713
ARB,30,239127,139813,134102
LIFO,30,239605,120541,120541
NRA,30,241459,122458,122458
FIFO,60,182038,115480,115480
Optimal,60,83149,60166,60166
ARB,60,186239,126361,119730
LIFO,60,175294,88299,88299
NRA,60,178083,90619,90619
FIFO,90,131969,95153,95153
Optimal,90,48317,36128,36128
ARB,90,140278,106266,99752
LIFO,90,125488,63341,63341
NRA,90,125201,64055,64055
FIFO,120,89807,72515,72515
Optimal,120,25856,19133,19133
ARB,120,95608,75221,67551
LIFO,120,75986,38394,38394
NRA,120,79643,40959,40959
FIFO,150,55948,48928,48928
Optimal,150,12298,8804,8804
ARB,150,55224,47352,38710
LIFO,150,34359,17477,17477
NRA,150,35502,18406,18406
