FIFO,30,294396,148614,148614
Optimal,30,250781,136347,136347
ARB,30,294336,153585,148607
LIFO,30,292533,146282,146282
NRA,30,292781,146613,146613
FIFO,60,286665,146646,146646
Optimal,60,224034,127905,127905
ARB,60,286590,151727,146668
LIFO,60,284717,142322,142322
NRA,60,285019,142631,142631
FIFO,90,279037,144634,144634
Optimal,90,204395,121131,121131
ARB,90,279031,150013,144719
LIFO,90,276875,138376,138376
NRA,90,277156,138644,138644
FIFO,120,271074,142531,142531
Optimal,120,187960,114965,114965
ARB,120,270907,148068,142667
LIFO,120,269286,134511,134511
NRA,120,269552,134777,134777
FIFO,150,263275,140438,140438
Optimal,150,173786,109337,109337
ARB,150,263304,146360,140713
LIFO,150,261973,130911,130911
NRA,150,262103,131127,131127
FIFO,30,98741,66665,66665
Optimal,30,48137,37673,37673
ARB,30,106231,80943,73277
LIFO,30,278416,142600,142600
NRA,30,245268,129052,129052
FIFO,60,33146,27653,27653
Optimal,60,15630,14166,14166
ARB,60,59040,55916,47563
LIFO,60,269695,138310,138310
NRA,60,236826,124752,124752
FIFO,90,9951,9711,9711
Optimal,90,7753,7607,7607
ARB,90,54426,52505,44047
LIFO,90,262508,134661,134661
NRA,90,230946,121573,121573
FIFO,120,7905,7779,7779
Optimal,120,6551,6430,6430
ARB,120,52874,51314,42811
LIFO,120,255392,131011,131011
NRA,120,224773,118363,118363
FIFO,150,7749,7596,7596
Optimal,150,5894,5743,5743
ARB,150,50197,49316,40698
LIFO,150,249084,127781,127781
NRA,150,217765,114742,114742
FIFO,30,238115,133209,133209
Optimal,30,139985,92442,92442
ARB,30,238801,139550,133858
LIFO,30,241829,121195,121195
NRA,30,239691,121140,121140
FIFO,60,181743,115160,115160
Optimal,60,83049,59992,59992
ARB,60,186380,126082,119417
LIFO,60,179661,90226,90226
NRA,60,181053,91886,91886
FIFO,90,132055,95021,95021
Optimal,90,48261,35907,35907
ARB,90,139610,105435,98979
LIFO,90,116537,58448,58448
NRA,90,118100,60183,60183
FIFO,120,89506,72194,72194
Optimal,120,25877,19058,19058
ARB,120,98115,76736,69165
LIFO,120,76987,38747,38747
NRA,120,73761,37789,37789
FIFO,150,55861,48801,48801
Optimal,150,12281,8701,8701
ARB,150,53915,46059,37354
LIFO,150,33204,16723,16723
NRA,150,34872,17978,17978
