FIFO,30,293914,148399,148399
Optimal,30,251122,136517,136517
ARB,30,293902,153510,148405
LIFO,30,292295,146118,146118
NRA,30,292467,146334,146334
FIFO,60,286621,146570,146570
Optimal,60,224173,128003,128003
ARB,60,286477,151762,146553
LIFO,60,284862,142375,142375
NRA,60,285092,142592,142592
FIFO,90,278875,144614,144614
Optimal,90,204314,121144,121144
ARB,90,278713,149953,144630
LIFO,90,277196,138576,138576
NRA,90,277333,138752,138752
FIFO,120,271110,142588,142588
Optimal,120,188001,115115,115115
ARB,120,270953,148132,142725
LIFO,120,269213,134600,134600
NRA,120,269391,134808,134808
FIFO,150,263531,140576,140576
Optimal,150,174045,109600,109600
ARB,150,263021,146264,140698
LIFO,150,261957,130925,130925
NRA,150,262016,131116,131116
FIFO,30,110933,74703,74703
Optimal,30,53953,42276,42276
ARB,30,115307,86243,78723
LIFO,30,275517,140491,140491
NRA,30,248663,129981,129981
FIFO,60,36770,30976,30976
Optimal,60,17270,15728,15728
ARB,60,62794,58557,50334
LIFO,60,264389,134840,134840
NRA,60,236707,123523,123523
FIFO,90,10437,10189,10189
Optimal,90,8519,8381,8381
ARB,90,57859,55129,46818
LIFO,90,254728,130012,130012
NRA,90,227976,119148,119148
FIFO,120,8708,8585,8585
Optimal,120,7309,7186,7186
ARB,120,54770,52719,44298
LIFO,120,247091,126109,126109
NRA,120,220715,115159,115159
FIFO,150,8488,8335,8335
Optimal,150,6595,6443,6443
ARB,150,53810,51858,43394
LIFO,150,241202,123048,123048
NRA,150,214667,112267,112267
FIFO,30,238554,133876,133876
Optimal,30,140471,92852,92852
ARB,30,239085,140033,134362
LIFO,30,239130,120434,120434
NRA,30,239333,121627,121627
FIFO,60,182641,115801,115801
Optimal,60,83491,60320,60320
ARB,60,187324,126655,120090
LIFO,60,176458,88964,88964
NRA,60,176952,90116,90116
FIFO,90,132480,95371,95371
Optimal,90,48465,36027,36027
ARB,90,141160,106601,100192
LIFO,90,124432,62790,62790
NRA,90,123800,63414,63414
FIFO,120,90057,72579,72579
Optimal,120,25984,19044,19044
ARB,120,93693,73585,65966
LIFO,120,69292,34967,34967
NRA,120,71648,36802,36802
FIFO,150,56276,49057,49057
Optimal,150,12332,8761,8761
ARB,150,55844,47346,38813
LIFO,150,32414,16384,16384
NRA,150,33299,17187,17187
