FIFO,30,293721,148118,148118
Optimal,30,250582,136033,136033
ARB,30,293676,153136,148115
LIFO,30,292778,146068,146068
NRA,30,292926,146265,146265
FIFO,60,286338,146262,146262
Optimal,60,223702,127437,127437
ARB,60,286267,151383,146268
LIFO,60,285366,142329,142329
NRA,60,285599,142614,142614
FIFO,90,278727,144292,144292
Optimal,90,203882,120577,120577
ARB,90,278564,149612,144319
LIFO,90,277865,138632,138632
NRA,90,278039,138828,138828
FIFO,120,271403,142365,142365
Optimal,120,187399,114505,114505
ARB,120,271141,147882,142434
LIFO,120,270511,134883,134883
NRA,120,270631,135097,135097
FIFO,150,263675,140307,140307
Optimal,150,173254,108983,108983
ARB,150,263581,146103,140493
LIFO,150,262595,130875,130875
NRA,150,262854,131177,131177
FIFO,30,100438,67696,67696
Optimal,30,48855,38262,38262
ARB,30,108108,82281,74658
LIFO,30,277482,141837,141837
NRA,30,246306,129362,129362
FIFO,60,34170,28710,28710
Optimal,60,16018,14505,14505
ARB,60,59286,55928,47590
LIFO,60,267794,136988,136988
NRA,60,237360,124732,124732
FIFO,90,9764,9511,9511
Optimal,90,7797,7659,7659
ARB,90,55968,53471,45067
LIFO,90,258646,132318,132318
NRA,90,229482,120627,120627
FIFO,120,7937,7815,7815
Optimal,120,6653,6531,6531
ARB,120,54257,52142,43675
LIFO,120,249202,127553,127553
NRA,120,220912,116246,116246
FIFO,150,7703,7551,7551
Optimal,150,5980,5829,5829
ARB,150,53224,51394,42876
LIFO,150,242046,123935,123935
NRA,150,213645,112300,112300
FIFO,30,238759,133596,133596
Optimal,30,140435,92834,92834
ARB,30,239189,139667,134035
LIFO,30,241114,121161,121161
NRA,30,240163,121803,121803
FIFO,60,182482,115587,115587
Optimal,60,83365,60393,60393
ARB,60,186876,126285,119603
LIFO,60,183035,92001,92001
NRA,60,184287,93681,93681
FIFO,90,132243,95278,95278
Optimal,90,48539,36223,36223
ARB,90,140842,106314,99858
LIFO,90,128545,64810,64810
NRA,90,128900,65916,65916
FIFO,120,90384,72802,72802
Optimal,120,26106,19255,19255
ARB,120,90745,71445,63685
LIFO,120,73540,37061,37061
NRA,120,76816,39427,39427
FIFO,150,56275,49185,49185
Optimal,150,12404,8920,8920
ARB,150,55678,47416,38770
LIFO,150,37115,18723,18723
NRA,150,34650,17849,17849
