FIFO,30,294331,148488,148488
Optimal,30,250984,136395,136395
ARB,30,294242,153564,148469
LIFO,30,292593,146168,146168
NRA,30,292870,146443,146443
FIFO,60,286721,146549,146549
Optimal,60,224017,127927,127927
ARB,60,286611,151702,146536
LIFO,60,285432,142545,142545
NRA,60,285596,142768,142768
FIFO,90,279116,144580,144580
Optimal,90,204142,120971,120971
ARB,90,278925,149924,144593
LIFO,90,277967,138793,138793
NRA,90,278063,138990,138990
FIFO,120,271736,142633,142633
Optimal,120,187917,114938,114938
ARB,120,271346,148077,142666
LIFO,120,270437,135057,135057
NRA,120,270583,135272,135272
FIFO,150,263636,140450,140450
Optimal,150,173883,109464,109464
ARB,150,263766,146287,140718
LIFO,150,262888,131277,131277
NRA,150,263116,131562,131562
FIFO,30,96052,65360,65360
Optimal,30,46143,36280,36280
ARB,30,104995,80752,73060
LIFO,30,280050,142899,142899
NRA,30,249113,130345,130345
FIFO,60,29334,24792,24792
Optimal,60,14231,12974,12974
ARB,60,59180,56149,47809
LIFO,60,272420,139140,139140
NRA,60,240127,125968,125968
FIFO,90,9367,9152,9152
Optimal,90,7356,7234,7234
ARB,90,53929,52232,43764
LIFO,90,264983,135384,135384
NRA,90,234043,122846,122846
FIFO,120,7518,7398,7398
Optimal,120,6401,6281,6281
ARB,120,53116,51578,43102
LIFO,120,256751,131162,131162
NRA,120,227300,119195,119195
FIFO,150,7407,7257,7257
Optimal,150,5907,5757,5757
ARB,150,51531,50309,41779
LIFO,150,249988,127518,127518
NRA,150,222037,116162,116162
FIFO,30,238346,133628,133628
Optimal,30,140306,92835,92835
ARB,30,239067,139850,134197
LIFO,30,235604,118565,118565
NRA,30,234107,118802,118802
FIFO,60,182193,115576,115576
Optimal,60,83237,60338,60338
ARB,60,186659,126386,119770
LIFO,60,184739,92947,92947
NRA,60,187816,95559,95559
FIFO,90,132035,95102,95102
Optimal,90,48351,36156,36156
ARB,90,139976,105682,99272
LIFO,90,134368,67621,67621
NRA,90,134680,68732,68732
FIFO,120,89868,72492,72492
Optimal,120,25866,19170,19170
ARB,120,92511,72821,65225
LIFO,120,77339,39115,39115
NRA,120,75810,38981,38981
FIFO,150,55762,48766,48766
Optimal,150,12260,8809,8809
ARB,150,54239,46425,37800
LIFO,150,37942,19212,19212
NRA,150,37203,19200,19200
