FIFO,30,294003,148482,148482
Optimal,30,251010,136292,136292
ARB,30,293979,153541,148465
LIFO,30,292875,146455,146455
NRA,30,293057,146669,146669
FIFO,60,286732,146596,146596
Optimal,60,224421,127876,127876
ARB,60,286599,151857,146580
LIFO,60,284999,142431,142431
NRA,60,285143,142633,142633
FIFO,90,279015,144516,144516
Optimal,90,204531,121066,121066
ARB,90,278727,149782,144512
LIFO,90,277513,138652,138652
NRA,90,277639,138880,138880
FIFO,120,271110,142406,142406
Optimal,120,188337,115066,115066
ARB,120,270659,147835,142433
LIFO,120,270409,135008,135008
NRA,120,270671,135308,135308
FIFO,150,263648,140416,140416
Optimal,150,174543,109670,109670
ARB,150,263581,146088,140610
LIFO,150,263325,131492,131492
NRA,150,263436,131673,131673
FIFO,30,101908,69328,69328
Optimal,30,49041,38526,38526
ARB,30,108510,82834,75222
LIFO,30,276950,141022,141022
NRA,30,247593,128641,128641
FIFO,60,32511,27253,27253
Optimal,60,15475,14089,14089
ARB,60,62095,58182,49945
LIFO,60,267816,136476,136476
NRA,60,238246,123961,123961
FIFO,90,9533,9313,9313
Optimal,90,7760,7632,7632
ARB,90,56834,54240,45893
LIFO,90,258834,132016,132016
NRA,90,229982,119669,119669
FIFO,120,7955,7835,7835
Optimal,120,6771,6651,6651
ARB,120,54120,52094,43650
LIFO,120,243245,123847,123847
NRA,120,218791,113531,113531
FIFO,150,7749,7599,7599
Optimal,150,6172,6022,6022
ARB,150,52539,50755,42271
LIFO,150,234816,119636,119636
NRA,150,209219,108670,108670
FIFO,30,238768,133824,133824
Optimal,30,140579,92947,92947
ARB,30,239330,140004,134417
LIFO,30,240118,120777,120777
NRA,30,239284,121340,121340
FIFO,60,182725,115795,115795
Optimal,60,83463,60345,60345
ARB,60,187004,126339,119697
LIFO,60,179370,90160,90160
NRA,60,180963,92044,92044
FIFO,90,132487,95353,95353
Optimal,90,48444,36205,36205
ARB,90,140839,106373,99965
LIFO,90,122252,61459,61459
NRA,90,120332,61350,61350
FIFO,120,90133,72672,72672
Optimal,120,25928,19234,19234
ARB,120,99109,77487,69976
LIFO,120,76481,38499,38499
NRA,120,76467,39253,39253
FIFO,150,56233,49159,49159
Optimal,150,12304,8904,8904
ARB,150,57735,48861,40326
LIFO,150,36885,18657,18657
NRA,150,38487,19836,19836
