FIFO,30,294261,148916,148916
Optimal,30,250855,136660,136660
ARB,30,294243,153993,148909
LIFO,30,292747,146693,146693
NRA,30,292964,146938,146938
FIFO,60,286304,146795,146795
Optimal,60,224214,128268,128268
ARB,60,286337,152000,146867
LIFO,60,285137,142761,142761
NRA,60,285339,143023,143023
FIFO,90,279154,144881,144881
Optimal,90,204350,121326,121326
ARB,90,279128,150150,144935
LIFO,90,277714,139079,139079
NRA,90,277991,139350,139350
FIFO,120,271416,142842,142842
Optimal,120,188123,115240,115240
ARB,120,271435,148454,142981
LIFO,120,270282,135401,135401
NRA,120,270411,135553,135553
FIFO,150,263905,140879,140879
Optimal,150,174227,109820,109820
ARB,150,263660,146662,141053
LIFO,150,262457,131422,131422
NRA,150,262554,131597,131597
FIFO,30,102524,69416,69416
Optimal,30,49224,38699,38699
ARB,30,110052,84099,76508
LIFO,30,282387,144066,144066
NRA,30,252624,131940,131940
FIFO,60,30720,26325,26325
Optimal,60,14695,13476,13476
ARB,60,58642,55662,47305
LIFO,60,275090,140280,140280
NRA,60,246540,128673,128673
FIFO,90,9303,9102,9102
Optimal,90,7510,7391,7391
ARB,90,53751,51996,43548
LIFO,90,263978,134625,134625
NRA,90,236430,123333,123333
FIFO,120,7863,7740,7740
Optimal,120,6509,6388,6388
ARB,120,53060,51343,42904
LIFO,120,254611,129771,129771
NRA,120,229032,119216,119216
FIFO,150,7704,7553,7553
Optimal,150,5953,5802,5802
ARB,150,51974,50567,42075
LIFO,150,248183,126311,126311
NRA,150,223726,116302,116302
FIFO,30,238435,133303,133303
Optimal,30,140452,92721,92721
ARB,30,239277,139551,133851
LIFO,30,234419,117691,117691
NRA,30,235790,119406,119406
FIFO,60,182188,115315,115315
Optimal,60,83417,60322,60322
ARB,60,186729,126114,119448
LIFO,60,181614,91262,91262
NRA,60,182264,92465,92465
FIFO,90,132258,94991,94991
Optimal,90,48410,35948,35948
ARB,90,140663,106002,99565
LIFO,90,128234,64537,64537
NRA,90,131897,67253,67253
FIFO,120,90205,72584,72584
Optimal,120,25966,19160,19160
ARB,120,91257,71454,63795
LIFO,120,73890,37155,37155
NRA,120,72465,37089,37089
FIFO,150,55735,48605,48605
Optimal,150,12347,8810,8810
ARB,150,56049,47502,38920
LIFO,150,35730,17980,17980
NRA,150,35318,18109,18109
