FIFO,30,294066,148844,148844
Optimal,30,250688,136650,136650
ARB,30,293983,153874,148828
LIFO,30,293182,146935,146935
NRA,30,293367,147151,147151
FIFO,60,286331,146842,146842
Optimal,60,224161,128238,128238
ARB,60,286269,151979,146844
LIFO,60,285967,143296,143296
NRA,60,286071,143493,143493
FIFO,90,278557,144841,144841
Optimal,90,204269,121421,121421
ARB,90,278465,150126,144834
LIFO,90,278403,139514,139514
NRA,90,278519,139682,139682
FIFO,120,270849,142781,142781
Optimal,120,187950,115373,115373
ARB,120,270728,148361,142865
LIFO,120,270966,135742,135742
NRA,120,271116,135944,135944
FIFO,150,263664,140790,140790
Optimal,150,174030,109828,109828
ARB,150,263605,146496,140978
LIFO,150,263569,132096,132096
NRA,150,263811,132344,132344
FIFO,30,96781,66574,66574
Optimal,30,46047,36502,36502
ARB,30,104747,81180,73507
LIFO,30,276574,141224,141224
NRA,30,244324,127430,127430
FIFO,60,27757,23603,23603
Optimal,60,13738,12574,12574
ARB,60,58771,55642,47313
LIFO,60,267806,136895,136895
NRA,60,236080,123126,123126
FIFO,90,9307,9106,9106
Optimal,90,7477,7349,7349
ARB,90,53898,52014,43550
LIFO,90,260099,132887,132887
NRA,90,229638,119874,119874
FIFO,120,7757,7636,7636
Optimal,120,6530,6410,6410
ARB,120,52222,50648,42127
LIFO,120,248960,127326,127326
NRA,120,218988,114265,114265
FIFO,150,7584,7434,7434
Optimal,150,6001,5851,5851
ARB,150,50665,49457,40919
LIFO,150,241486,123480,123480
NRA,150,211664,110577,110577
FIFO,30,238511,133568,133568
Optimal,30,140288,92604,92604
ARB,30,239063,139614,134060
LIFO,30,234795,117918,117918
NRA,30,234864,119067,119067
FIFO,60,182306,115560,115560
Optimal,60,83256,60266,60266
ARB,60,186840,126238,119568
LIFO,60,178613,89806,89806
NRA,60,178635,90849,90849
FIFO,90,132230,95275,95275
Optimal,90,48421,36166,36166
ARB,90,140300,106025,99630
LIFO,90,120706,60901,60901
NRA,90,117689,60173,60173
FIFO,120,89941,72522,72522
Optimal,120,26065,19267,19267
ARB,120,99678,78214,70785
LIFO,120,75439,38198,38198
NRA,120,75640,38928,38928
FIFO,150,56192,49089,49089
Optimal,150,12413,8920,8920
ARB,150,57070,48766,40171
LIFO,150,37057,18839,18839
NRA,150,36527,18949,18949
