FIFO,30,294171,148761,148761
Optimal,30,251523,136761,136761
ARB,30,294144,153883,148753
LIFO,30,292657,146583,146583
NRA,30,292865,146793,146793
FIFO,60,286601,146802,146802
Optimal,60,224923,128417,128417
ARB,60,286713,152086,146862
LIFO,60,285033,142802,142802
NRA,60,285184,143008,143008
FIFO,90,279465,144922,144922
Optimal,90,204873,121495,121495
ARB,90,279660,150413,145092
LIFO,90,277581,139097,139097
NRA,90,277696,139322,139322
FIFO,120,272043,142943,142943
Optimal,120,188587,115496,115496
ARB,120,271931,148512,143031
LIFO,120,270180,135391,135391
NRA,120,270379,135609,135609
FIFO,150,264350,140815,140815
Optimal,150,174666,110044,110044
ARB,150,264407,146614,141090
LIFO,150,262510,131472,131472
NRA,150,262363,131535,131535
FIFO,30,107680,70916,70916
Optimal,30,53297,41111,41111
ARB,30,115065,85091,77559
LIFO,30,277943,141593,141593
NRA,30,249023,129811,129811
FIFO,60,40041,33380,33380
Optimal,60,18171,16330,16330
ARB,60,62481,58094,49856
LIFO,60,268661,136772,136772
NRA,60,241885,125990,125990
FIFO,90,10418,10179,10179
Optimal,90,8399,8255,8255
ARB,90,58270,55037,46710
LIFO,90,256944,130946,130946
NRA,90,229442,119656,119656
FIFO,120,8516,8393,8393
Optimal,120,7142,7021,7021
ARB,120,55752,53174,44767
LIFO,120,246585,125881,125881
NRA,120,219838,114694,114694
FIFO,150,8372,8221,8221
Optimal,150,6393,6242,6242
ARB,150,52627,50675,42203
LIFO,150,237105,120903,120903
NRA,150,210901,109935,109935
FIFO,30,238792,133614,133614
Optimal,30,140469,92800,92800
ARB,30,239360,139796,134150
LIFO,30,245269,123200,123200
NRA,30,242724,123096,123096
FIFO,60,182364,115529,115529
Optimal,60,83427,60306,60306
ARB,60,186737,126241,119626
LIFO,60,187731,94324,94324
NRA,60,185296,94086,94086
FIFO,90,132526,95364,95364
Optimal,90,48509,36117,36117
ARB,90,140730,106211,99757
LIFO,90,131104,66214,66214
NRA,90,132468,67775,67775
FIFO,120,89849,72457,72457
Optimal,120,25958,19127,19127
ARB,120,93727,73542,65850
LIFO,120,78297,39333,39333
NRA,120,77769,39811,39811
FIFO,150,55989,48907,48907
Optimal,150,12304,8783,8783
ARB,150,52032,44564,35889
LIFO,150,32628,16385,16385
NRA,150,32899,16952,16952
