FIFO,30,293764,148645,148645
Optimal,30,250433,136243,136243
ARB,30,293724,153690,148630
LIFO,30,292434,146420,146420
NRA,30,292589,146654,146654
FIFO,60,286140,146646,146646
Optimal,60,223563,127760,127760
ARB,60,286006,151917,146629
LIFO,60,284651,142497,142497
NRA,60,284807,142696,142696
FIFO,90,278337,144608,144608
Optimal,90,203426,120764,120764
ARB,90,278234,149989,144643
LIFO,90,277488,138906,138906
NRA,90,277656,139155,139155
FIFO,120,270905,142578,142578
Optimal,120,187074,114614,114614
ARB,120,270612,147995,142669
LIFO,120,270008,135155,135155
NRA,120,270121,135358,135358
FIFO,150,263165,140448,140448
Optimal,150,173146,109100,109100
ARB,150,262952,146216,140629
LIFO,150,262435,131373,131373
NRA,150,262567,131585,131585
FIFO,30,108194,71340,71340
Optimal,30,53416,41271,41271
ARB,30,115851,85878,78299
LIFO,30,279377,141874,141874
NRA,30,249384,130015,130015
FIFO,60,38367,31806,31806
Optimal,60,17864,16088,16088
ARB,60,63893,58996,50786
LIFO,60,269617,136947,136947
NRA,60,241662,126049,126049
FIFO,90,11039,10732,10732
Optimal,90,8562,8407,8407
ARB,90,56471,53577,45181
LIFO,90,260306,132140,132140
NRA,90,232707,121049,121049
FIFO,120,8503,8380,8380
Optimal,120,7316,7195,7195
ARB,120,54689,52191,43736
LIFO,120,252053,127891,127891
NRA,120,225045,117157,117157
FIFO,150,8351,8198,8198
Optimal,150,6732,6581,6581
ARB,150,54079,51697,43256
LIFO,150,245453,124578,124578
NRA,150,218965,114023,114023
FIFO,30,238720,132945,132945
Optimal,30,140399,92458,92458
ARB,30,239548,139271,133615
LIFO,30,238958,119669,119669
NRA,30,238167,120378,120378
FIFO,60,182122,114998,114998
Optimal,60,83332,60108,60108
ARB,60,186706,125863,119212
LIFO,60,176477,88383,88383
NRA,60,177493,89799,89799
FIFO,90,132461,95015,95015
Optimal,90,48500,36123,36123
ARB,90,140685,105956,99593
LIFO,90,128001,64210,64210
NRA,90,129500,65784,65784
FIFO,120,90156,72586,72586
Optimal,120,26048,19258,19258
ARB,120,96623,75594,68043
LIFO,120,77109,38611,38611
NRA,120,75590,38514,38514
FIFO,150,55991,48815,48815
Optimal,150,12367,8835,8835
ARB,150,59406,50276,41767
LIFO,150,37526,18808,18808
NRA,150,39368,20154,20154
