FIFO,30,294215,148467,148467
Optimal,30,251172,136286,136286
ARB,30,294170,153487,148464
LIFO,30,292954,146374,146374
NRA,30,293034,146576,146576
FIFO,60,286937,146602,146602
Optimal,60,224669,127913,127913
ARB,60,286754,151743,146558
LIFO,60,285360,142560,142560
NRA,60,285561,142783,142783
FIFO,90,279332,144594,144594
Optimal,90,204835,121048,121048
ARB,90,279110,149856,144592
LIFO,90,278207,139003,139003
NRA,90,278338,139191,139191
FIFO,120,271929,142619,142619
Optimal,120,188458,115050,115050
ARB,120,271738,148028,142672
LIFO,120,270777,135253,135253
NRA,120,271074,135537,135537
FIFO,150,264051,140476,140476
Optimal,150,174391,109478,109478
ARB,150,264121,146308,140724
LIFO,150,262895,131286,131286
NRA,150,263113,131553,131553
FIFO,30,102053,69075,69075
Optimal,30,49184,38555,38555
ARB,30,109553,83288,75729
LIFO,30,279147,142680,142680
NRA,30,249024,129915,129915
FIFO,60,32920,27821,27821
Optimal,60,15319,13992,13992
ARB,60,61975,58095,49860
LIFO,60,269720,137989,137989
NRA,60,240329,125482,125482
FIFO,90,9372,9152,9152
Optimal,90,7466,7340,7340
ARB,90,56730,54327,46002
LIFO,90,258764,132519,132519
NRA,90,229274,119779,119779
FIFO,120,7755,7634,7634
Optimal,120,6460,6340,6340
ARB,120,54622,52570,44137
LIFO,120,250096,128193,128193
NRA,120,221614,116112,116112
FIFO,150,7484,7333,7333
Optimal,150,5905,5755,5755
ARB,150,52309,50755,42298
LIFO,150,242435,124307,124307
NRA,150,213699,111911,111911
FIFO,30,238733,133703,133703
Optimal,30,140519,92795,92795
ARB,30,239671,139927,134326
LIFO,30,242622,121825,121825
NRA,30,243241,123261,123261
FIFO,60,182310,115558,115558
Optimal,60,83408,60269,60269
ARB,60,186839,126342,119638
LIFO,60,187894,94384,94384
NRA,60,187143,95072,95072
FIFO,90,132478,95245,95245
Optimal,90,48488,36130,36130
ARB,90,140724,106238,99777
LIFO,90,129867,65316,65316
NRA,90,130904,66655,66655
FIFO,120,90061,72529,72529
Optimal,120,26051,19200,19200
ARB,120,89773,70569,62802
LIFO,120,71095,35791,35791
NRA,120,70276,36111,36111
FIFO,150,56239,49105,49105
Optimal,150,12454,8997,8997
ARB,150,51565,44522,35774
LIFO,150,34262,17421,17421
NRA,150,35007,18208,18208
