FIFO,30,293933,148667,148667
Optimal,30,250419,136561,136561
ARB,30,293883,153710,148663
LIFO,30,292938,146684,146684
NRA,30,293064,146824,146824
FIFO,60,286164,146652,146652
Optimal,60,223665,128086,128086
ARB,60,286117,151867,146659
LIFO,60,285688,143025,143025
NRA,60,285812,143247,143247
FIFO,90,278687,144720,144720
Optimal,90,203798,121144,121144
ARB,90,278670,150040,144768
LIFO,90,278403,139392,139392
NRA,90,278377,139531,139531
FIFO,120,271128,142755,142755
Optimal,120,187425,114994,114994
ARB,120,270672,148227,142807
LIFO,120,270542,135495,135495
NRA,120,270796,135727,135727
FIFO,150,263044,140635,140635
Optimal,150,173320,109417,109417
ARB,150,263028,146337,140828
LIFO,150,262839,131574,131574
NRA,150,262974,131785,131785
FIFO,30,117453,78967,78967
Optimal,30,56757,44162,44162
ARB,30,122203,90894,83501
LIFO,30,272021,138479,138479
NRA,30,246445,127762,127762
FIFO,60,37870,31844,31844
Optimal,60,17433,15761,15761
ARB,60,64728,60214,51973
LIFO,60,265281,134893,134893
NRA,60,240907,124681,124681
FIFO,90,10766,10506,10506
Optimal,90,8434,8288,8288
ARB,90,58806,55817,47470
LIFO,90,259380,131923,131923
NRA,90,235350,121748,121748
FIFO,120,8521,8400,8400
Optimal,120,7232,7108,7108
ARB,120,58547,55602,47252
LIFO,120,255363,129901,129901
NRA,120,230917,119638,119638
FIFO,150,8292,8141,8141
Optimal,150,6601,6447,6447
ARB,150,57053,54360,45953
LIFO,150,250796,127554,127554
NRA,150,227071,117604,117604
FIFO,30,238991,133432,133432
Optimal,30,140647,92758,92758
ARB,30,239722,139555,133988
LIFO,30,236440,118694,118694
NRA,30,239017,120992,120992
FIFO,60,182818,115532,115532
Optimal,60,83492,60268,60268
ARB,60,186974,126267,119556
LIFO,60,175051,87953,87953
NRA,60,173491,88111,88111
FIFO,90,132689,95207,95207
Optimal,90,48596,36168,36168
ARB,90,141031,106353,99980
LIFO,90,121252,60934,60934
NRA,90,118163,60140,60140
FIFO,120,90020,72561,72561
Optimal,120,26065,19251,19251
ARB,120,92912,72816,65151
LIFO,120,66630,33427,33427
NRA,120,67339,34365,34365
FIFO,150,56209,49038,49038
Optimal,150,12452,8899,8899
ARB,150,59501,50195,41729
LIFO,150,35530,17832,17832
NRA,150,34983,17845,17845
