FIFO,30,293787,148292,148292
Optimal,30,250757,136241,136241
ARB,30,293790,153353,148290
LIFO,30,292902,146372,146372
NRA,30,293048,146557,146557
FIFO,60,286230,146379,146379
Optimal,60,224278,127878,127878
ARB,60,286209,151485,146404
LIFO,60,285552,142657,142657
NRA,60,285717,142875,142875
FIFO,90,278541,144373,144373
Optimal,90,204449,121113,121113
ARB,90,278303,149661,144409
LIFO,90,277960,138925,138925
NRA,90,278121,139130,139130
FIFO,120,270958,142338,142338
Optimal,120,188111,115086,115086
ARB,120,270801,147821,142438
LIFO,120,270551,135147,135147
NRA,120,270648,135334,135334
FIFO,150,263336,140278,140278
Optimal,150,174137,109487,109487
ARB,150,263129,146026,140511
LIFO,150,262752,131261,131261
NRA,150,262940,131523,131523
FIFO,30,93999,64416,64416
Optimal,30,44906,35544,35544
ARB,30,101311,78646,70863
LIFO,30,278732,142050,142050
NRA,30,247530,129185,129185
FIFO,60,28216,24104,24104
Optimal,60,13651,12523,12523
ARB,60,57220,54664,46267
LIFO,60,272051,138637,138637
NRA,60,239391,124923,124923
FIFO,90,8328,8157,8157
Optimal,90,6972,6862,6862
ARB,90,53934,52333,43892
LIFO,90,266303,135802,135802
NRA,90,234972,122644,122644
FIFO,120,7317,7197,7197
Optimal,120,6103,5983,5983
ARB,120,51398,50321,41802
LIFO,120,257527,131464,131464
NRA,120,227597,119086,119086
FIFO,150,7181,7031,7031
Optimal,150,5562,5412,5412
ARB,150,50020,49101,40551
LIFO,150,248515,126855,126855
NRA,150,217773,113912,113912
FIFO,30,238514,133748,133748
Optimal,30,140318,92795,92795
ARB,30,239063,139947,134266
LIFO,30,236285,118929,118929
NRA,30,235496,119581,119581
FIFO,60,182367,115701,115701
Optimal,60,83290,60101,60101
ARB,60,186588,126268,119576
LIFO,60,172247,86712,86712
NRA,60,173959,88598,88598
FIFO,90,132572,95299,95299
Optimal,90,48374,36008,36008
ARB,90,140128,105856,99338
LIFO,90,117189,58985,58985
NRA,90,118898,60740,60740
FIFO,120,89689,72447,72447
Optimal,120,25914,19164,19164
ARB,120,93642,73797,66178
LIFO,120,70786,35827,35827
NRA,120,73521,37856,37856
FIFO,150,55887,48820,48820
Optimal,150,12305,8814,8814
ARB,150,59225,50122,41619
LIFO,150,35490,17982,17982
NRA,150,34617,17897,17897
