FIFO,30,294483,148331,148331
Optimal,30,251333,136169,136169
ARB,30,294515,153393,148343
LIFO,30,292872,146125,146125
NRA,30,293070,146385,146385
FIFO,60,287029,146351,146351
Optimal,60,224815,127844,127844
ARB,60,287073,151530,146373
LIFO,60,285041,142219,142219
NRA,60,285197,142444,142444
FIFO,90,279886,144473,144473
Optimal,90,204911,121046,121046
ARB,90,279616,149750,144485
LIFO,90,277282,138310,138310
NRA,90,277551,138578,138578
FIFO,120,271895,142374,142374
Optimal,120,188726,115134,115134
ARB,120,272046,147997,142547
LIFO,120,269808,134621,134621
NRA,120,269918,134774,134774
FIFO,150,264584,140461,140461
Optimal,150,174796,109737,109737
ARB,150,264481,146170,140615
LIFO,150,262426,130933,130933
NRA,150,262618,131176,131176
FIFO,30,91764,62684,62684
Optimal,30,44290,34966,34966
ARB,30,98966,76810,68985
LIFO,30,277211,141752,141752
NRA,30,244273,128163,128163
FIFO,60,29194,24643,24643
Optimal,60,14170,12938,12938
ARB,60,56338,53985,45556
LIFO,60,269484,137812,137812
NRA,60,237052,124371,124371
FIFO,90,9433,9189,9189
Optimal,90,7467,7330,7330
ARB,90,53122,51533,43018
LIFO,90,259055,132394,132394
NRA,90,228294,119774,119774
FIFO,120,7695,7572,7572
Optimal,120,6409,6287,6287
ARB,120,50800,49774,41184
LIFO,120,250612,128173,128173
NRA,120,220185,115551,115551
FIFO,150,7499,7346,7346
Optimal,150,5740,5588,5588
ARB,150,50225,49211,40668
LIFO,150,241077,123226,123226
NRA,150,212187,111165,111165
FIFO,30,238786,133386,133386
Optimal,30,140381,92629,92629
ARB,30,239542,139619,133981
LIFO,30,242856,121886,121886
NRA,30,240529,121768,121768
FIFO,60,182069,115322,115322
Optimal,60,83316,60212,60212
ARB,60,186554,126248,119593
LIFO,60,178264,89393,89393
NRA,60,179254,90771,90771
FIFO,90,132390,95077,95077
Optimal,90,48385,35999,35999
ARB,90,140568,105972,99539
LIFO,90,125411,63061,63061
NRA,90,126635,64556,64556
FIFO,120,89979,72485,72485
Optimal,120,25983,19100,19100
ARB,120,93798,73746,66093
LIFO,120,74129,37465,37465
NRA,120,71795,36788,36788
FIFO,150,56169,48953,48953
Optimal,150,12393,8835,8835
ARB,150,55526,47314,38697
LIFO,150,32060,16214,16214
NRA,150,34307,17700,17700
