FIFO,30,294518,148459,148459
Optimal,30,251213,136447,136447
ARB,30,294518,153529,148457
LIFO,30,292358,146008,146008
NRA,30,292505,146186,146186
FIFO,60,287056,146572,146572
Optimal,60,224347,127919,127919
ARB,60,287046,151739,146589
LIFO,60,284609,142163,142163
NRA,60,284799,142420,142420
FIFO,90,279494,144654,144654
Optimal,90,204337,120988,120988
ARB,90,279458,150083,144743
LIFO,90,276842,138206,138206
NRA,90,277026,138439,138439
FIFO,120,272276,142742,142742
Optimal,120,188000,114994,114994
ARB,120,271947,148214,142845
LIFO,120,269023,134279,134279
NRA,120,269210,134495,134495
FIFO,150,264632,140708,140708
Optimal,150,174124,109545,109545
ARB,150,264304,146447,140871
LIFO,150,261390,130446,130446
NRA,150,261621,130657,130657
FIFO,30,106234,71150,71150
Optimal,30,51392,40085,40085
ARB,30,112963,84941,77448
LIFO,30,282876,144928,144928
NRA,30,252478,132021,132021
FIFO,60,34748,29380,29380
Optimal,60,16105,14625,14625
ARB,60,60679,57128,48868
LIFO,60,276249,141423,141423
NRA,60,247155,129485,129485
FIFO,90,9450,9225,9225
Optimal,90,7641,7498,7498
ARB,90,56677,54136,45776
LIFO,90,268494,137473,137473
NRA,90,241103,126546,126546
FIFO,120,7837,7714,7714
Optimal,120,6460,6338,6338
ARB,120,53960,52053,43564
LIFO,120,260241,133343,133343
NRA,120,232946,122170,122170
FIFO,150,7675,7520,7520
Optimal,150,5805,5653,5653
ARB,150,53150,51363,42875
LIFO,150,252942,129565,129565
NRA,150,226227,118617,118617
FIFO,30,238576,133332,133332
Optimal,30,140500,92709,92709
ARB,30,239273,139398,133722
LIFO,30,236967,118989,118989
NRA,30,236179,119662,119662
FIFO,60,182737,115558,115558
Optimal,60,83421,60199,60199
ARB,60,186895,126131,119537
LIFO,60,173907,87420,87420
NRA,60,176194,89566,89566
FIFO,90,132450,95075,95075
Optimal,90,48535,36129,36129
ARB,90,140244,105697,99241
LIFO,90,118234,59617,59617
NRA,90,118570,60592,60592
FIFO,120,89838,72437,72437
Optimal,120,26019,19221,19221
ARB,120,98435,76925,69417
LIFO,120,72168,36486,36486
NRA,120,73969,38000,38000
FIFO,150,56041,48861,48861
Optimal,150,12383,8885,8885
ARB,150,56855,48064,39501
LIFO,150,32565,16436,16436
NRA,150,32894,16915,16915
