FIFO,30,293861,148685,148685
Optimal,30,250807,136695,136695
ARB,30,293936,153752,148711
LIFO,30,292196,146342,146342
NRA,30,292563,146675,146675
FIFO,60,286445,146718,146718
Optimal,60,224382,128353,128353
ARB,60,286441,151880,146734
LIFO,60,284381,142441,142441
NRA,60,284655,142736,142736
FIFO,90,279134,144891,144891
Optimal,90,204508,121568,121568
ARB,90,278969,150142,144883
LIFO,90,276620,138525,138525
NRA,90,276806,138770,138770
FIFO,120,271182,142817,142817
Optimal,120,188354,115554,115554
ARB,120,271151,148335,142955
LIFO,120,269168,134822,134822
NRA,120,269366,135053,135053
FIFO,150,263264,140670,140670
Optimal,150,174492,110049,110049
ARB,150,263246,146519,140968
LIFO,150,261836,131112,131112
NRA,150,261966,131318,131318
FIFO,30,108344,72659,72659
Optimal,30,52691,41044,41044
ARB,30,116353,87191,79729
LIFO,30,277084,141320,141320
NRA,30,250659,130391,130391
FIFO,60,36627,31011,31011
Optimal,60,16773,15284,15284
ARB,60,64142,59583,51445
LIFO,60,267750,136618,136618
NRA,60,241584,125618,125618
FIFO,90,9847,9596,9596
Optimal,90,7943,7805,7805
ARB,90,59279,56128,47864
LIFO,90,258534,131766,131766
NRA,90,234292,121816,121816
FIFO,120,8177,8054,8054
Optimal,120,6937,6815,6815
ARB,120,57927,54921,46603
LIFO,120,251508,128071,128071
NRA,120,227895,118319,118319
FIFO,150,7987,7835,7835
Optimal,150,6362,6210,6210
ARB,150,56545,53825,45489
LIFO,150,245076,124813,124813
NRA,150,221048,114839,114839
FIFO,30,238663,133268,133268
Optimal,30,140436,92499,92499
ARB,30,239229,139405,133718
LIFO,30,231555,115927,115927
NRA,30,233882,118131,118131
FIFO,60,182611,115372,115372
Optimal,60,83503,60133,60133
ARB,60,187023,126016,119379
LIFO,60,175905,88235,88235
NRA,60,177150,89789,89789
FIFO,90,132676,95064,95064
Optimal,90,48615,36082,36082
ARB,90,141147,106275,99860
LIFO,90,120319,60554,60554
NRA,90,120816,61560,61560
FIFO,120,90037,72424,72424
Optimal,120,26124,19135,19135
ARB,120,96644,75669,68007
LIFO,120,72428,36652,36652
NRA,120,73015,37527,37527
FIFO,150,56100,48880,48880
Optimal,150,12438,8876,8876
ARB,150,58233,49260,40680
LIFO,150,35087,17744,17744
NRA,150,37097,19146,19146
