FIFO,30,294543,148538,148538
Optimal,30,250892,136251,136251
ARB,30,294521,153659,148523
LIFO,30,292736,146252,146252
NRA,30,293068,146543,146543
FIFO,60,286326,146426,146426
Optimal,60,224008,127814,127814
ARB,60,286318,151642,146449
LIFO,60,285190,142457,142457
NRA,60,285401,142681,142681
FIFO,90,278429,144400,144400
Optimal,90,204303,121055,121055
ARB,90,278416,149731,144465
LIFO,90,277409,138441,138441
NRA,90,277595,138693,138693
FIFO,120,270729,142301,142301
Optimal,120,187986,114988,114988
ARB,120,270562,147831,142364
LIFO,120,270221,134765,134765
NRA,120,270348,134971,134971
FIFO,150,262879,140120,140120
Optimal,150,173957,109534,109534
ARB,150,262888,145992,140408
LIFO,150,262932,131108,131108
NRA,150,263119,131327,131327
FIFO,30,104314,71342,71342
Optimal,30,49682,39375,39375
ARB,30,110168,84224,76622
LIFO,30,280032,142810,142810
NRA,30,249255,130070,130070
FIFO,60,29908,25859,25859
Optimal,60,14155,13070,13070
ARB,60,61656,58070,49796
LIFO,60,272875,139101,139101
NRA,60,242588,126398,126398
FIFO,90,8776,8626,8626
Optimal,90,7051,6919,6919
ARB,90,58156,55455,47066
LIFO,90,267152,136142,136142
NRA,90,236694,123177,123177
FIFO,120,7538,7416,7416
Optimal,120,6004,5872,5872
ARB,120,56625,54239,45842
LIFO,120,259931,132566,132566
NRA,120,230012,119960,119960
FIFO,150,7228,7076,7076
Optimal,150,5431,5273,5273
ARB,150,54875,52921,44483
LIFO,150,252784,128986,128986
NRA,150,222192,115955,115955
FIFO,30,238825,133433,133433
Optimal,30,140472,92734,92734
ARB,30,239546,139667,133998
LIFO,30,228946,114864,114864
NRA,30,230557,116644,116644
FIFO,60,182967,115649,115649
Optimal,60,83533,60264,60264
ARB,60,187284,126365,119678
LIFO,60,171364,85962,85962
NRA,60,173920,88138,88138
FIFO,90,133108,95575,95575
Optimal,90,48648,36149,36149
ARB,90,141617,106908,100495
LIFO,90,118672,59477,59477
NRA,90,116743,59367,59367
FIFO,120,90341,72670,72670
Optimal,120,26183,19340,19340
ARB,120,99647,77835,70369
LIFO,120,71925,36083,36083
NRA,120,73236,37405,37405
FIFO,150,56352,49169,49169
Optimal,150,12486,9017,9017
ARB,150,56065,47905,39311
LIFO,150,32168,16183,16183
NRA,150,33582,17287,17287
