FIFO,30,293987,149023,149023
Optimal,30,250857,136848,136848
ARB,30,293957,154028,149019
LIFO,30,292684,146767,146767
NRA,30,292859,147013,147013
FIFO,60,286319,147042,147042
Optimal,60,224045,128388,128388
ARB,60,286322,152135,147075
LIFO,60,285651,143230,143230
NRA,60,285788,143419,143419
FIFO,90,279297,145195,145195
Optimal,90,204226,121507,121507
ARB,90,279285,150529,145273
LIFO,90,278625,139620,139620
NRA,90,278783,139834,139834
FIFO,120,271815,143113,143113
Optimal,120,188042,115321,115321
ARB,120,271730,148631,143228
LIFO,120,271149,135820,135820
NRA,120,271384,136091,136091
FIFO,150,264022,141012,141012
Optimal,150,174145,109860,109860
ARB,150,263815,146681,141221
LIFO,150,263554,131982,131982
NRA,150,263718,132190,132190
FIFO,30,103033,69255,69255
Optimal,30,49607,38777,38777
ARB,30,109556,82995,75437
LIFO,30,273552,139061,139061
NRA,30,244955,127710,127710
FIFO,60,31541,26854,26854
Optimal,60,14964,13711,13711
ARB,60,61010,57270,49046
LIFO,60,264693,134514,134514
NRA,60,236050,122942,122942
FIFO,90,9253,9063,9063
Optimal,90,7557,7439,7439
ARB,90,56467,53934,45571
LIFO,90,258216,131265,131265
NRA,90,229571,119694,119694
FIFO,120,7836,7715,7715
Optimal,120,6531,6411,6411
ARB,120,54593,52361,44006
LIFO,120,251333,127750,127750
NRA,120,222980,116278,116278
FIFO,150,7589,7438,7438
Optimal,150,5981,5831,5831
ARB,150,52173,50561,42051
LIFO,150,243626,123895,123895
NRA,150,215590,112541,112541
FIFO,30,239041,133993,133993
Optimal,30,140508,92907,92907
ARB,30,239564,140120,134388
LIFO,30,247862,124788,124788
NRA,30,244320,124053,124053
FIFO,60,182701,115941,115941
Optimal,60,83338,60333,60333
ARB,60,186709,126554,119907
LIFO,60,184180,92893,92893
NRA,60,186362,94946,94946
FIFO,90,132594,95465,95465
Optimal,90,48514,36234,36234
ARB,90,140264,106127,99635
LIFO,90,129487,65396,65396
NRA,90,130635,66804,66804
FIFO,120,89899,72574,72574
Optimal,120,25997,19346,19346
ARB,120,99007,77558,69995
LIFO,120,83827,42458,42458
NRA,120,84337,43373,43373
FIFO,150,56013,48941,48941
Optimal,150,12357,8963,8963
ARB,150,61892,51987,43486
LIFO,150,46973,23923,23923
NRA,150,44855,23335,23335
