FIFO,30,294022,147970,147970
Optimal,30,251061,135979,135979
ARB,30,293979,152896,147963
LIFO,30,292549,145808,145808
NRA,30,292643,146010,146010
FIFO,60,286570,146111,146111
Optimal,60,224425,127616,127616
ARB,60,286604,151232,146140
LIFO,60,285141,142108,142108
NRA,60,285300,142361,142361
FIFO,90,279009,144149,144149
Optimal,90,204588,120592,120592
ARB,90,279024,149493,144265
LIFO,90,277713,138348,138348
NRA,90,277915,138595,138595
FIFO,120,271849,142265,142265
Optimal,120,188419,114728,114728
ARB,120,271646,147793,142371
LIFO,120,269934,134548,134548
NRA,120,269996,134782,134782
FIFO,150,263734,140056,140056
Optimal,150,174513,109268,109268
ARB,150,263802,145854,140333
LIFO,150,262522,130882,130882
NRA,150,262698,131110,131110
FIFO,30,99221,66318,66318
Optimal,30,48624,37888,37888
ARB,30,105643,80099,72348
LIFO,30,275415,140710,140710
NRA,30,241952,126503,126503
FIFO,60,34194,28729,28729
Optimal,60,15909,14408,14408
ARB,60,58178,55044,46630
LIFO,60,263786,134718,134718
NRA,60,231840,121315,121315
FIFO,90,9834,9585,9585
Optimal,90,7674,7529,7529
ARB,90,53146,51335,42839
LIFO,90,256297,130922,130922
NRA,90,223273,116931,116931
FIFO,120,7863,7741,7741
Optimal,120,6392,6270,6270
ARB,120,51802,50335,41775
LIFO,120,248466,126989,126989
NRA,120,216499,113403,113403
FIFO,150,7609,7457,7457
Optimal,150,5716,5564,5564
ARB,150,50699,49328,40746
LIFO,150,241439,123249,123249
NRA,150,212432,111109,111109
FIFO,30,238871,133922,133922
Optimal,30,140519,92855,92855
ARB,30,239471,140063,134487
LIFO,30,234507,117991,117991
NRA,30,235132,119442,119442
FIFO,60,182448,115684,115684
Optimal,60,83242,60063,60063
ARB,60,186775,126546,119927
LIFO,60,175344,88344,88344
NRA,60,172557,87856,87856
FIFO,90,132498,95410,95410
Optimal,90,48442,36146,36146
ARB,90,140802,106436,100019
LIFO,90,114416,57580,57580
NRA,90,116905,59625,59625
FIFO,120,89595,72328,72328
Optimal,120,25964,19198,19198
ARB,120,102307,80169,72782
LIFO,120,75342,37956,37956
NRA,120,73237,37548,37548
FIFO,150,55863,48876,48876
Optimal,150,12389,8889,8889
ARB,150,61850,51889,43435
LIFO,150,38399,19395,19395
NRA,150,37065,19088,19088
