FIFO,30,293987,147810,147810
Optimal,30,251022,135907,135907
ARB,30,293996,152810,147816
LIFO,30,293079,145844,145844
NRA,30,293176,146042,146042
FIFO,60,286727,145970,145970
Optimal,60,224509,127620,127620
ARB,60,286591,151101,145944
LIFO,60,285633,142020,142020
NRA,60,285843,142280,142280
FIFO,90,279415,144085,144085
Optimal,90,204824,120880,120880
ARB,90,279293,149428,144119
LIFO,90,277802,138126,138126
NRA,90,278005,138325,138325
FIFO,120,271796,142129,142129
Optimal,120,188694,114809,114809
ARB,120,271593,147570,142175
LIFO,120,270030,134213,134213
NRA,120,270350,134504,134504
FIFO,150,264205,140125,140125
Optimal,150,174831,109486,109486
ARB,150,263828,145867,140276
LIFO,150,262417,130452,130452
NRA,150,262639,130704,130704
FIFO,30,105469,71330,71330
Optimal,30,50878,39911,39911
ARB,30,111753,84586,76903
LIFO,30,277801,141782,141782
NRA,30,247302,128893,128893
FIFO,60,32223,27411,27411
Optimal,60,15324,14034,14034
ARB,60,61678,57772,49489
LIFO,60,266913,136268,136268
NRA,60,238248,124338,124338
FIFO,90,9568,9383,9383
Optimal,90,7829,7716,7716
ARB,90,56957,54344,45927
LIFO,90,258582,131972,131972
NRA,90,230026,119977,119977
FIFO,120,8210,8089,8089
Optimal,120,6849,6728,6728
ARB,120,55392,53066,44598
LIFO,120,248748,126887,126887
NRA,120,221913,115631,115631
FIFO,150,7957,7806,7806
Optimal,150,6203,6052,6052
ARB,150,53387,51477,42966
LIFO,150,239867,122419,122419
NRA,150,213521,111321,111321
FIFO,30,238504,133446,133446
Optimal,30,140481,92534,92534
ARB,30,239220,139764,134045
LIFO,30,237784,119138,119138
NRA,30,237208,119891,119891
FIFO,60,182817,115628,115628
Optimal,60,83467,60276,60276
ARB,60,187297,126262,119593
LIFO,60,179071,89837,89837
NRA,60,183093,92728,92728
FIFO,90,132748,95304,95304
Optimal,90,48560,36148,36148
ARB,90,141086,106470,100010
LIFO,90,125590,63060,63060
NRA,90,124479,63307,63307
FIFO,120,90324,72809,72809
Optimal,120,26041,19228,19228
ARB,120,95479,75038,67427
LIFO,120,76864,38736,38736
NRA,120,78112,40009,40009
FIFO,150,56280,49117,49117
Optimal,150,12390,8867,8867
ARB,150,60843,51298,42872
LIFO,150,45286,22922,22922
NRA,150,43293,22356,22356
