FIFO,30,293218,148625,148625
Optimal,30,249882,136430,136430
ARB,30,293220,153569,148617
LIFO,30,293641,147164,147164
NRA,30,293828,147403,147403
FIFO,60,285848,146742,146742
Optimal,60,223159,127911,127911
ARB,60,285756,151836,146733
LIFO,60,286228,143444,143444
NRA,60,286356,143658,143658
FIFO,90,277478,144501,144501
Optimal,90,203474,121052,121052
ARB,90,277517,149878,144615
LIFO,90,278913,139752,139752
NRA,90,279048,139987,139987
FIFO,120,270005,142534,142534
Optimal,120,187177,114864,114864
ARB,120,269855,148105,142661
LIFO,120,271291,135858,135858
NRA,120,271460,136089,136089
FIFO,150,262284,140480,140480
Optimal,150,173248,109313,109313
ARB,150,262106,146323,140739
LIFO,150,263437,131939,131939
NRA,150,263579,132106,132106
FIFO,30,105386,71036,71036
Optimal,30,50826,39933,39933
ARB,30,113210,85785,78317
LIFO,30,281056,143598,143598
NRA,30,250650,131046,131046
FIFO,60,32373,27823,27823
Optimal,60,15291,14032,14032
ARB,60,61356,57646,49368
LIFO,60,273185,139617,139617
NRA,60,243589,127511,127511
FIFO,90,8945,8801,8801
Optimal,90,7696,7591,7591
ARB,90,56097,53625,45227
LIFO,90,266014,135843,135843
NRA,90,236981,123875,123875
FIFO,120,8102,7980,7980
Optimal,120,6716,6596,6596
ARB,120,55192,52954,44531
LIFO,120,258644,132141,132141
NRA,120,229142,119875,119875
FIFO,150,7952,7795,7795
Optimal,150,6098,5948,5948
ARB,150,53236,51432,42961
LIFO,150,251220,128449,128449
NRA,150,222747,116638,116638
FIFO,30,238018,133520,133520
Optimal,30,139997,92689,92689
ARB,30,238688,139662,133971
LIFO,30,242541,121848,121848
NRA,30,242399,122839,122839
FIFO,60,182113,115551,115551
Optimal,60,82898,60200,60200
ARB,60,185961,126024,119395
LIFO,60,184411,92480,92480
NRA,60,183223,92783,92783
FIFO,90,131826,95046,95046
Optimal,90,48099,36060,36060
ARB,90,139579,105455,98978
LIFO,90,124554,62763,62763
NRA,90,125834,64259,64259
FIFO,120,89339,72355,72355
Optimal,120,25763,19068,19068
ARB,120,86888,68794,60923
LIFO,120,70607,35733,35733
NRA,120,71440,36861,36861
FIFO,150,55633,48637,48637
Optimal,150,12289,8727,8727
ARB,150,50974,44125,35327
LIFO,150,31203,15721,15721
NRA,150,32410,16664,16664
