FIFO,30,294344,148562,148562
Optimal,30,251006,136580,136580
ARB,30,294354,153608,148578
LIFO,30,293007,146508,146508
NRA,30,293217,146743,146743
FIFO,60,287089,146741,146741
Optimal,60,224403,128169,128169
ARB,60,286865,151804,146694
LIFO,60,285858,142949,142949
NRA,60,285998,143134,143134
FIFO,90,278972,144652,144652
Optimal,90,204556,121324,121324
ARB,90,278756,150004,144636
LIFO,90,278368,139128,139128
NRA,90,278647,139409,139409
FIFO,120,271455,142717,142717
Optimal,120,188134,115227,115227
ARB,120,271098,148185,142775
LIFO,120,270782,135295,135295
NRA,120,270976,135545,135545
FIFO,150,263911,140704,140704
Optimal,150,174067,109654,109654
ARB,150,263802,146381,140898
LIFO,150,262606,131195,131195
NRA,150,262816,131440,131440
FIFO,30,110593,74452,74452
Optimal,30,53584,41850,41850
ARB,30,117105,87725,80259
LIFO,30,273560,138960,138960
NRA,30,247258,127935,127935
FIFO,60,36611,30839,30839
Optimal,60,17172,15649,15649
ARB,60,63600,59045,50835
LIFO,60,263433,133849,133849
NRA,60,238080,123288,123288
FIFO,90,10618,10403,10403
Optimal,90,8425,8277,8277
ARB,90,58854,55530,47210
LIFO,90,252800,128609,128609
NRA,90,228117,118073,118073
FIFO,120,8707,8584,8584
Optimal,120,7153,7025,7025
ARB,120,56329,53548,45122
LIFO,120,243953,124200,124200
NRA,120,218963,113523,113523
FIFO,150,8477,8324,8324
Optimal,150,6424,6266,6266
ARB,150,54516,52155,43661
LIFO,150,236717,120592,120592
NRA,150,211925,110175,110175
FIFO,30,238936,132807,132807
Optimal,30,140529,92437,92437
ARB,30,239469,138983,133318
LIFO,30,239638,119469,119469
NRA,30,241625,121560,121560
FIFO,60,182510,114977,114977
Optimal,60,83371,60143,60143
ARB,60,187069,125719,119015
LIFO,60,179267,89434,89434
NRA,60,179321,90428,90428
FIFO,90,131921,94651,94651
Optimal,90,48346,35995,35995
ARB,90,140281,105463,99063
LIFO,90,118603,59414,59414
NRA,90,118297,59975,59975
FIFO,120,89465,72060,72060
Optimal,120,25893,19119,19119
ARB,120,102523,79713,72356
LIFO,120,79567,40010,40010
NRA,120,79518,40672,40672
FIFO,150,55405,48440,48440
Optimal,150,12225,8775,8775
ARB,150,59202,49759,41226
LIFO,150,38009,19026,19026
NRA,150,38237,19644,19644
