FIFO,30,294029,149251,149251
Optimal,30,251208,137136,137136
ARB,30,294008,154244,149244
LIFO,30,292481,147018,147018
NRA,30,292678,147226,147226
FIFO,60,286588,147355,147355
Optimal,60,224830,128642,128642
ARB,60,286603,152529,147387
LIFO,60,284760,143080,143080
NRA,60,284987,143329,143329
FIFO,90,279330,145478,145478
Optimal,90,204872,121700,121700
ARB,90,279197,150695,145508
LIFO,90,276865,139065,139065
NRA,90,277065,139293,139293
FIFO,120,272172,143548,143548
Optimal,120,188733,115769,115769
ARB,120,271965,149025,143644
LIFO,120,269361,135268,135268
NRA,120,269494,135487,135487
FIFO,150,264725,141541,141541
Optimal,150,174624,110213,110213
ARB,150,264305,147193,141720
LIFO,150,261982,131619,131619
NRA,150,262142,131801,131801
FIFO,30,99817,66975,66975
Optimal,30,48543,38005,38005
ARB,30,106404,80780,73080
LIFO,30,279302,143247,143247
NRA,30,243152,127128,127128
FIFO,60,33035,28202,28202
Optimal,60,15529,14216,14216
ARB,60,59750,56338,47994
LIFO,60,274073,140555,140555
NRA,60,239150,125059,125059
FIFO,90,9497,9310,9310
Optimal,90,7793,7674,7674
ARB,90,56018,53532,45069
LIFO,90,268803,137860,137860
NRA,90,234649,122836,122836
FIFO,120,8046,7924,7924
Optimal,120,6672,6550,6550
ARB,120,54471,52292,43858
LIFO,120,262510,134699,134699
NRA,120,228595,119652,119652
FIFO,150,7816,7664,7664
Optimal,150,6029,5877,5877
ARB,150,54481,52283,43834
LIFO,150,257495,132080,132080
NRA,150,223829,117207,117207
FIFO,30,238887,133670,133670
Optimal,30,140658,93002,93002
ARB,30,239694,139926,134302
LIFO,30,235569,118530,118530
NRA,30,234076,118827,118827
FIFO,60,182868,115842,115842
Optimal,60,83506,60445,60445
ARB,60,186909,126384,119778
LIFO,60,177282,89305,89305
NRA,60,178110,90683,90683
FIFO,90,132924,95696,95696
Optimal,90,48608,36342,36342
ARB,90,140802,106460,100104
LIFO,90,120250,60790,60790
NRA,90,117029,59947,59947
FIFO,120,90472,72940,72940
Optimal,120,26129,19378,19378
ARB,120,92838,73097,65480
LIFO,120,66928,33985,33985
NRA,120,67897,35066,35066
FIFO,150,55699,48761,48761
Optimal,150,12357,8944,8944
ARB,150,57068,48449,39901
LIFO,150,31265,15979,15979
NRA,150,31121,16242,16242
