FIFO,30,294042,148580,148580
Optimal,30,250808,136451,136451
ARB,30,294017,153572,148571
LIFO,30,292846,146507,146507
NRA,30,292962,146716,146716
FIFO,60,286449,146636,146636
Optimal,60,223951,127899,127899
ARB,60,286279,151768,146597
LIFO,60,285155,142624,142624
NRA,60,285195,142795,142795
FIFO,90,278624,144595,144595
Optimal,90,203952,120935,120935
ARB,90,278563,149999,144669
LIFO,90,277688,138917,138917
NRA,90,277896,139188,139188
FIFO,120,271121,142651,142651
Optimal,120,187434,114892,114892
ARB,120,270975,148144,142761
LIFO,120,269987,135025,135025
NRA,120,270185,135250,135250
FIFO,150,263428,140593,140593
Optimal,150,173360,109383,109383
ARB,150,263373,146361,140821
LIFO,150,262461,131277,131277
NRA,150,262511,131461,131461
FIFO,30,96025,65768,65768
Optimal,30,46059,36574,36574
ARB,30,105302,81686,73990
LIFO,30,276715,141066,141066
NRA,30,247838,129307,129307
FIFO,60,27994,24098,24098
Optimal,60,13799,12731,12731
ARB,60,59209,56407,48100
LIFO,60,262603,133615,133615
NRA,60,236365,123184,123184
FIFO,90,8906,8750,8750
Optimal,90,7402,7290,7290
ARB,90,55665,53826,45380
LIFO,90,257339,130969,130969
NRA,90,230729,120392,120392
FIFO,120,7776,7655,7655
Optimal,120,6394,6274,6274
ARB,120,54576,52974,44519
LIFO,120,252632,128567,128567
NRA,120,225633,117762,117762
FIFO,150,7689,7539,7539
Optimal,150,5724,5574,5574
ARB,150,53959,52519,44023
LIFO,150,248342,126393,126393
NRA,150,222520,116155,116155
FIFO,30,238557,133580,133580
Optimal,30,140271,92722,92722
ARB,30,239235,139857,134156
LIFO,30,238533,119799,119799
NRA,30,238134,120679,120679
FIFO,60,182026,115294,115294
Optimal,60,83331,60254,60254
ARB,60,186804,126271,119572
LIFO,60,188143,94494,94494
NRA,60,185248,94096,94096
FIFO,90,132769,95414,95414
Optimal,90,48481,36095,36095
ARB,90,140762,106298,99881
LIFO,90,130057,65459,65459
NRA,90,128598,65654,65654
FIFO,120,90110,72629,72629
Optimal,120,26040,19227,19227
ARB,120,92315,72373,64809
LIFO,120,76207,38380,38380
NRA,120,74359,38109,38109
FIFO,150,56202,49170,49170
Optimal,150,12480,8976,8976
ARB,150,54289,46106,37517
LIFO,150,34167,17246,17246
NRA,150,37064,19155,19155
