FIFO,30,293920,148430,148430
Optimal,30,250851,136366,136366
ARB,30,293927,153452,148429
LIFO,30,292410,146171,146171
NRA,30,292511,146386,146386
FIFO,60,286290,146498,146498
Optimal,60,223982,127897,127897
ARB,60,286216,151686,146505
LIFO,60,284393,142156,142156
NRA,60,284559,142391,142391
FIFO,90,278717,144628,144628
Optimal,90,203965,120973,120973
ARB,90,278505,149985,144659
LIFO,90,276881,138438,138438
NRA,90,277044,138651,138651
FIFO,120,271170,142631,142631
Optimal,120,187583,114879,114879
ARB,120,270908,148159,142744
LIFO,120,268992,134499,134499
NRA,120,269161,134722,134722
FIFO,150,263554,140588,140588
Optimal,150,173643,109329,109329
ARB,150,263289,146187,140713
LIFO,150,261593,130769,130769
NRA,150,261836,131058,131058
FIFO,30,106776,70956,70956
Optimal,30,52366,40386,40386
ARB,30,113632,84546,77002
LIFO,30,276715,141998,141998
NRA,30,242770,126538,126538
FIFO,60,37578,31483,31483
Optimal,60,17077,15433,15433
ARB,60,62792,58395,50152
LIFO,60,268799,137930,137930
NRA,60,236332,123273,123273
FIFO,90,9864,9621,9621
Optimal,90,7868,7726,7726
ARB,90,56541,53766,45395
LIFO,90,259669,133220,133220
NRA,90,228387,118995,118995
FIFO,120,7951,7830,7830
Optimal,120,6758,6637,6637
ARB,120,53779,51645,43203
LIFO,120,250643,128658,128658
NRA,120,219798,114651,114651
FIFO,150,7813,7662,7662
Optimal,150,6148,5998,5998
ARB,150,52309,50461,41944
LIFO,150,240418,123463,123463
NRA,150,209584,109303,109303
FIFO,30,238462,133554,133554
Optimal,30,140367,92528,92528
ARB,30,239245,139738,134115
LIFO,30,234437,117794,117794
NRA,30,236152,119741,119741
FIFO,60,182354,115457,115457
Optimal,60,83321,60232,60232
ARB,60,186875,126227,119532
LIFO,60,172827,86853,86853
NRA,60,175618,89209,89209
FIFO,90,132463,95249,95249
Optimal,90,48520,36190,36190
ARB,90,140810,106381,99980
LIFO,90,122293,61457,61457
NRA,90,121600,61924,61924
FIFO,120,90204,72680,72680
Optimal,120,26019,19350,19350
ARB,120,100855,79129,71666
LIFO,120,75292,37903,37903
NRA,120,77590,39690,39690
FIFO,150,55769,48780,48780
Optimal,150,12317,8849,8849
ARB,150,55550,47421,38791
LIFO,150,31294,15622,15622
NRA,150,31789,16200,16200
