FIFO,30,294059,148566,148566
Optimal,30,251045,136428,136428
ARB,30,294035,153592,148561
LIFO,30,292734,146401,146401
NRA,30,292970,146669,146669
FIFO,60,286260,146502,146502
Optimal,60,224337,128006,128006
ARB,60,286256,151680,146524
LIFO,60,284983,142574,142574
NRA,60,285164,142786,142786
FIFO,90,278941,144595,144595
Optimal,90,204497,121087,121087
ARB,90,278759,149999,144635
LIFO,90,277278,138696,138696
NRA,90,277514,138972,138972
FIFO,120,271076,142492,142492
Optimal,120,188150,115094,115094
ARB,120,270941,148107,142607
LIFO,120,269754,135000,135000
NRA,120,269910,135223,135223
FIFO,150,263682,140560,140560
Optimal,150,174220,109733,109733
ARB,150,263386,146259,140750
LIFO,150,262305,131259,131259
NRA,150,262407,131419,131419
FIFO,30,107672,71909,71909
Optimal,30,52280,40884,40884
ARB,30,112702,84421,76819
LIFO,30,275573,141012,141012
NRA,30,243368,127074,127074
FIFO,60,35747,30660,30660
Optimal,60,16409,14999,14999
ARB,60,60619,56990,48741
LIFO,60,267237,136823,136823
NRA,60,235737,123399,123399
FIFO,90,9253,9080,9080
Optimal,90,7706,7590,7590
ARB,90,56244,53762,45423
LIFO,90,259323,132832,132832
NRA,90,227775,119275,119275
FIFO,120,8011,7890,7890
Optimal,120,6609,6489,6489
ARB,120,53490,51706,43251
LIFO,120,252246,129200,129200
NRA,120,220710,115661,115661
FIFO,150,7861,7709,7709
Optimal,150,5972,5822,5822
ARB,150,52343,50723,42279
LIFO,150,243467,124706,124706
NRA,150,212570,111273,111273
FIFO,30,238460,133766,133766
Optimal,30,140254,92700,92700
ARB,30,239210,140027,134381
LIFO,30,241136,121487,121487
NRA,30,236956,120441,120441
FIFO,60,182343,115637,115637
Optimal,60,83276,60262,60262
ARB,60,186760,126407,119731
LIFO,60,177307,89518,89518
NRA,60,179713,91554,91554
FIFO,90,132381,95272,95272
Optimal,90,48359,36052,36052
ARB,90,140460,106161,99675
LIFO,90,122983,62254,62254
NRA,90,119609,61376,61376
FIFO,120,89887,72395,72395
Optimal,120,25955,19148,19148
ARB,120,98523,77224,69649
LIFO,120,75111,38106,38106
NRA,120,74577,38514,38514
FIFO,150,56439,49182,49182
Optimal,150,12378,8810,8810
ARB,150,62057,51960,43468
LIFO,150,42688,21636,21636
NRA,150,43702,22529,22529
